n_el  name       dist[m]     Energy[MeV/u] (W-Wtmp)/Wtmp,%   x_rms[cm]      y_rms[cm]      Xmax[cm]       Ymax[cm]     phi_rms[deg]   phi_max[deg]   DW/W[rel.u.]   4*exn_rms[cm*mrad]   exn98.9[cm*mrad]    exn_max[cm*mrad]   4*eyn_rms[cm*mrad]   eyn98.9[cm*mrad]    eyn_max[cm*mrad]   4*ezn_rms[keV/u*ns]  ezn98.9[keV/u*ns]    ezn_max[keV/u*ns]     Xc[cm]       X'c[mrad]        Yc[cm]       Y'c[mrad]        btgm          Zc[deg]          a_x        b_x[cm/mrad]       a_y        b_y[cm/mrad]       a_z        b_z[deg/(%ofD_W/W)]  #of_part_lost  #of_part_left 
   0  entry  0.000000E+00   0.300000E+01   0.127820E-06   0.123503E+00   0.123571E+00   0.334232E+00   0.323671E+00   0.384318E+01   0.107339E+02   0.390301E-02      0.124841E+00        0.196146E+00        0.236320E+00        0.125556E+00        0.191316E+00        0.230779E+00        0.307685E+01        0.482378E+01        0.606002E+01    -0.900402E-07  -0.474396E-05  -0.124282E-06  -0.316570E-05   0.803221E-01  -0.803841E-06  -0.643551E+00   0.392546E-01  -0.629870E+00   0.390740E-01   0.633043E-02      0.984691E+01     0.000000E+00    0.100010E+05
   1  drift  0.810580E-01   0.300000E+01   0.127820E-06   0.142220E+00   0.142049E+00   0.378119E+00   0.375972E+00   0.386474E+01   0.107418E+02   0.390301E-02      0.124841E+00        0.196146E+00        0.236320E+00        0.125556E+00        0.191316E+00        0.230779E+00        0.307688E+01        0.482512E+01        0.606171E+01    -0.128494E-06  -0.474396E-05  -0.149943E-06  -0.316570E-05   0.803221E-01   0.388667E-02  -0.935564E+00   0.520546E-01  -0.919619E+00   0.516339E-01   0.106177E+00      0.995761E+01     0.000000E+00    0.100010E+05
   2  updat  0.810580E-01   0.300000E+01   0.127820E-06   0.142220E+00   0.142049E+00   0.378119E+00   0.375972E+00   0.386474E+01   0.107418E+02   0.390301E-02      0.124841E+00        0.196146E+00        0.236320E+00        0.125556E+00        0.191316E+00        0.230779E+00        0.307688E+01        0.482512E+01        0.606171E+01    -0.128494E-06  -0.474396E-05  -0.149943E-06  -0.316570E-05   0.803221E-01   0.388667E-02  -0.935564E+00   0.520546E-01  -0.919619E+00   0.516339E-01   0.106177E+00      0.995761E+01     0.000000E+00    0.100010E+05
   3  drift  0.862580E-01   0.300000E+01   0.127820E-06   0.143556E+00   0.143372E+00   0.381443E+00   0.379583E+00   0.386742E+01   0.107424E+02   0.390301E-02      0.124841E+00        0.196146E+00        0.236320E+00        0.125556E+00        0.191316E+00        0.230779E+00        0.307688E+01        0.482521E+01        0.606182E+01    -0.130961E-06  -0.474396E-05  -0.151589E-06  -0.316570E-05   0.803221E-01   0.413606E-02  -0.954297E+00   0.530373E-01  -0.938207E+00   0.526000E-01   0.112583E+00      0.997141E+01     0.000000E+00    0.100010E+05
   4  sol3d  0.486258E+00   0.300000E+01   0.127820E-06   0.119199E+00   0.117479E+00   0.316020E+00   0.319565E+00   0.449313E+01   0.121383E+02   0.390301E-02      0.126827E+00        0.198202E+00        0.241710E+00        0.124165E+00        0.199162E+00        0.237664E+00        0.307749E+01        0.481272E+01        0.609977E+01    -0.559448E-05  -0.429697E-03  -0.816096E-05  -0.262070E-03   0.803221E-01   0.539196E-01   0.110846E+01   0.359939E-01   0.109078E+01   0.357119E-01   0.605253E+00      0.134564E+02     0.000000E+00    0.100010E+05
   5  drift  0.516858E+00   0.300000E+01   0.127820E-06   0.108441E+00   0.106973E+00   0.286631E+00   0.294805E+00   0.456985E+01   0.122931E+02   0.390301E-02      0.126827E+00        0.198202E+00        0.241710E+00        0.124165E+00        0.199162E+00        0.237664E+00        0.307750E+01        0.481382E+01        0.610117E+01    -0.690936E-05  -0.429697E-03  -0.896290E-05  -0.262070E-03   0.803221E-01   0.561394E-01   0.918988E+00   0.297899E-01   0.903143E+00   0.296106E-01   0.642941E+00      0.139197E+02     0.000000E+00    0.100010E+05
   6  cav    0.766858E+00   0.349656E+01  -0.811091E-03   0.100858E+00   0.100129E+00   0.273771E+00   0.269705E+00   0.363656E+01   0.987218E+01   0.603318E-02      0.126890E+00        0.198514E+00        0.242386E+00        0.124194E+00        0.199482E+00        0.236073E+00        0.313713E+01        0.519017E+01        0.770055E+01    -0.134277E-03   0.942037E-02   0.466097E-03   0.317055E-01   0.867270E-01   0.535837E-01  -0.709224E+00   0.278103E-01  -0.697438E+00   0.280046E-01  -0.134008E+01      0.100785E+02     0.000000E+00    0.100010E+05
   7  matrx  0.766858E+00   0.349656E+01  -0.811091E-03   0.100858E+00   0.100129E+00   0.273771E+00   0.269705E+00   0.363656E+01   0.987218E+01   0.603318E-02      0.126890E+00        0.198514E+00        0.242386E+00        0.124194E+00        0.199482E+00        0.236073E+00        0.313713E+01        0.519017E+01        0.770055E+01    -0.134277E-03   0.942037E-02   0.466097E-03   0.317055E-01   0.867270E-01   0.535837E-01  -0.709224E+00   0.278103E-01  -0.697438E+00   0.280046E-01  -0.134008E+01      0.100785E+02     0.000000E+00    0.100010E+05
   8  updat  0.766858E+00   0.349656E+01  -0.811091E-03   0.100858E+00   0.100129E+00   0.273771E+00   0.269705E+00   0.363656E+01   0.987218E+01   0.603318E-02      0.126890E+00        0.198514E+00        0.242386E+00        0.124194E+00        0.199482E+00        0.236073E+00        0.313713E+01        0.519017E+01        0.770055E+01    -0.134277E-03   0.942037E-02   0.466097E-03   0.317055E-01   0.867270E-01   0.535837E-01  -0.709224E+00   0.278103E-01  -0.697438E+00   0.280046E-01  -0.134008E+01      0.100785E+02     0.000000E+00    0.100010E+05
   9  drift  0.772058E+00   0.349656E+01  -0.811091E-03   0.102213E+00   0.101442E+00   0.278149E+00   0.273931E+00   0.360836E+01   0.982451E+01   0.603318E-02      0.126890E+00        0.198514E+00        0.242386E+00        0.124194E+00        0.199482E+00        0.236073E+00        0.313714E+01        0.519000E+01        0.770030E+01    -0.129378E-03   0.942037E-02   0.482583E-03   0.317055E-01   0.867270E-01   0.540186E-01  -0.737327E+00   0.285625E-01  -0.725039E+00   0.287443E-01  -0.132386E+01      0.992283E+01     0.000000E+00    0.100010E+05
  10  sol3d  0.117206E+01   0.349656E+01  -0.811091E-03   0.125691E+00   0.124861E+00   0.337160E+00   0.338137E+00   0.218083E+01   0.664490E+01   0.603318E-02      0.125925E+00        0.191561E+00        0.227507E+00        0.124671E+00        0.197183E+00        0.232253E+00        0.313652E+01        0.517859E+01        0.766064E+01     0.728674E-03  -0.167392E-02   0.510221E-03  -0.156383E-01   0.867270E-01   0.100403E+00   0.601092E+00   0.435222E-01   0.589278E+00   0.433813E-01  -0.765163E-01      0.362529E+01     0.000000E+00    0.100010E+05
  11  drift  0.120266E+01   0.349656E+01  -0.811091E-03   0.120703E+00   0.119994E+00   0.322951E+00   0.326138E+00   0.217484E+01   0.641828E+01   0.603318E-02      0.125925E+00        0.191561E+00        0.227507E+00        0.124671E+00        0.197183E+00        0.232253E+00        0.313649E+01        0.517830E+01        0.766021E+01     0.723552E-03  -0.167392E-02   0.462368E-03  -0.156383E-01   0.867270E-01   0.102401E+00   0.505380E+00   0.401364E-01   0.494247E+00   0.400657E-01   0.189259E-01      0.360545E+01     0.000000E+00    0.100010E+05
  12  cav    0.145266E+01   0.420583E+01   0.478132E-01   0.124091E+00   0.124121E+00   0.331829E+00   0.333302E+00   0.201796E+01   0.590335E+01   0.542403E-02      0.126011E+00        0.192351E+00        0.228716E+00        0.124743E+00        0.197589E+00        0.233281E+00        0.314608E+01        0.515697E+01        0.807037E+01     0.613160E-03   0.803525E-02   0.453763E-03   0.127505E-01   0.951122E-01   0.279859E-01  -0.629048E+00   0.464909E-01  -0.617429E+00   0.469863E-01   0.788982E-02      0.372053E+01     0.000000E+00    0.100010E+05
  13  matrx  0.145266E+01   0.420583E+01   0.478132E-01   0.124091E+00   0.124121E+00   0.331829E+00   0.333302E+00   0.201796E+01   0.590335E+01   0.542403E-02      0.126011E+00        0.192351E+00        0.228716E+00        0.124743E+00        0.197589E+00        0.233281E+00        0.314608E+01        0.515697E+01        0.807037E+01     0.613160E-03   0.803525E-02   0.453763E-03   0.127505E-01   0.951122E-01   0.279859E-01  -0.629048E+00   0.464909E-01  -0.617429E+00   0.469863E-01   0.788982E-02      0.372053E+01     0.000000E+00    0.100010E+05
  14  updat  0.145266E+01   0.420583E+01   0.478132E-01   0.124091E+00   0.124121E+00   0.331829E+00   0.333302E+00   0.201796E+01   0.590335E+01   0.542403E-02      0.126011E+00        0.192351E+00        0.228716E+00        0.124743E+00        0.197589E+00        0.233281E+00        0.314608E+01        0.515697E+01        0.807037E+01     0.613160E-03   0.803525E-02   0.453763E-03   0.127505E-01   0.951122E-01   0.279859E-01  -0.629048E+00   0.464909E-01  -0.617429E+00   0.469863E-01   0.788982E-02      0.372053E+01     0.000000E+00    0.100010E+05
  15  drift  0.145786E+01   0.420583E+01   0.478132E-01   0.124972E+00   0.124977E+00   0.334411E+00   0.335691E+00   0.201841E+01   0.591898E+01   0.542403E-02      0.126011E+00        0.192351E+00        0.228716E+00        0.124743E+00        0.197589E+00        0.233281E+00        0.314610E+01        0.515738E+01        0.807102E+01     0.617338E-03   0.803525E-02   0.460393E-03   0.127505E-01   0.951122E-01   0.256645E-01  -0.644659E+00   0.471533E-01  -0.632715E+00   0.476364E-01   0.221830E-01      0.372215E+01     0.000000E+00    0.100010E+05
  16  sol3d  0.185786E+01   0.420583E+01   0.478132E-01   0.135511E+00   0.135390E+00   0.369163E+00   0.363926E+00   0.303194E+01   0.954464E+01   0.542403E-02      0.124325E+00        0.199775E+00        0.240404E+00        0.126252E+00        0.197792E+00        0.240623E+00        0.314618E+01        0.514807E+01        0.810720E+01     0.779018E-03  -0.129464E-01   0.225296E-03   0.153967E-02   0.951122E-01  -0.143248E+00   0.502186E+00   0.561937E-01   0.509386E+00   0.552374E-01   0.112136E+01      0.839860E+01     0.000000E+00    0.100010E+05
  17  drift  0.188846E+01   0.420583E+01   0.478132E-01   0.132012E+00   0.131783E+00   0.356437E+00   0.357454E+00   0.316066E+01   0.990262E+01   0.542403E-02      0.124325E+00        0.199775E+00        0.240404E+00        0.126252E+00        0.197792E+00        0.240623E+00        0.314634E+01        0.515089E+01        0.811164E+01     0.739402E-03  -0.129464E-01   0.230007E-03   0.153967E-02   0.951122E-01  -0.157057E+00   0.433998E+00   0.533289E-01   0.439614E+00   0.523334E-01   0.120538E+01      0.912639E+01     0.000000E+00    0.100010E+05
  18  cav    0.213846E+01   0.513882E+01   0.151970E-01   0.132951E+00   0.132933E+00   0.359004E+00   0.353972E+00   0.324617E+01   0.999614E+01   0.337129E-02      0.124247E+00        0.199256E+00        0.238916E+00        0.126113E+00        0.197410E+00        0.247382E+00        0.311944E+01        0.507896E+01        0.781379E+01     0.288738E-03  -0.915639E-02   0.505009E-03   0.230771E-01   0.105177E+00  -0.235381E+00  -0.590336E+00   0.598517E-01  -0.567347E+00   0.589508E-01  -0.720474E+00      0.118677E+02     0.000000E+00    0.100010E+05
  19  matrx  0.213846E+01   0.513882E+01   0.151970E-01   0.132951E+00   0.132933E+00   0.359004E+00   0.353972E+00   0.324617E+01   0.999614E+01   0.337129E-02      0.124247E+00        0.199256E+00        0.238916E+00        0.126113E+00        0.197410E+00        0.247382E+00        0.311944E+01        0.507896E+01        0.781379E+01     0.288738E-03  -0.915639E-02   0.505009E-03   0.230771E-01   0.105177E+00  -0.235381E+00  -0.590336E+00   0.598517E-01  -0.567347E+00   0.589508E-01  -0.720474E+00      0.118677E+02     0.000000E+00    0.100010E+05
  20  updat  0.213846E+01   0.513882E+01   0.151970E-01   0.132951E+00   0.132933E+00   0.359004E+00   0.353972E+00   0.324617E+01   0.999614E+01   0.337129E-02      0.124247E+00        0.199256E+00        0.238916E+00        0.126113E+00        0.197410E+00        0.247382E+00        0.311944E+01        0.507896E+01        0.781379E+01     0.288738E-03  -0.915639E-02   0.505009E-03   0.230771E-01   0.105177E+00  -0.235381E+00  -0.590336E+00   0.598517E-01  -0.567347E+00   0.589508E-01  -0.720474E+00      0.118677E+02     0.000000E+00    0.100010E+05
  21  drift  0.214366E+01   0.513882E+01   0.151970E-01   0.133638E+00   0.133604E+00   0.361399E+00   0.354881E+00   0.323671E+01   0.996948E+01   0.337129E-02      0.124247E+00        0.199256E+00        0.238916E+00        0.126113E+00        0.197410E+00        0.247382E+00        0.311944E+01        0.507898E+01        0.781381E+01     0.283977E-03  -0.915639E-02   0.517009E-03   0.230771E-01   0.105177E+00  -0.236006E+00  -0.602052E+00   0.604718E-01  -0.579007E+00   0.595469E-01  -0.714316E+00      0.117986E+02     0.000000E+00    0.100010E+05
  22  sol3d  0.254366E+01   0.513882E+01   0.151970E-01   0.137691E+00   0.138439E+00   0.379459E+00   0.369844E+00   0.270872E+01   0.792068E+01   0.337129E-02      0.124124E+00        0.195289E+00        0.237867E+00        0.126260E+00        0.195347E+00        0.232556E+00        0.311922E+01        0.507422E+01        0.780649E+01     0.424657E-03  -0.662889E-02   0.967413E-03   0.771598E-02   0.105177E+00  -0.276441E+00   0.512794E+00   0.642601E-01   0.520348E+00   0.638608E-01  -0.240562E+00      0.826390E+01     0.000000E+00    0.100010E+05
  23  drift  0.257426E+01   0.513882E+01   0.151970E-01   0.134489E+00   0.135150E+00   0.369741E+00   0.361349E+00   0.268801E+01   0.778026E+01   0.337129E-02      0.124124E+00        0.195289E+00        0.237867E+00        0.126260E+00        0.195347E+00        0.232556E+00        0.311923E+01        0.507440E+01        0.780676E+01     0.404372E-03  -0.662889E-02   0.991024E-03   0.771598E-02   0.105177E+00  -0.280165E+00   0.452653E+00   0.613059E-01   0.459458E+00   0.608626E-01  -0.204320E+00      0.813796E+01     0.000000E+00    0.100010E+05
  24  cav    0.282426E+01   0.629556E+01  -0.161003E-01   0.129106E+00   0.130199E+00   0.342977E+00   0.341664E+00   0.211902E+01   0.605107E+01   0.512685E-02      0.124300E+00        0.197089E+00        0.241235E+00        0.126385E+00        0.196411E+00        0.232439E+00        0.310823E+01        0.487837E+01        0.696909E+01     0.748261E-04  -0.731991E-02   0.135657E-02   0.298081E-01   0.116469E+00  -0.278919E+00  -0.455327E+00   0.624733E-01  -0.441317E+00   0.624869E-01  -0.112447E+01      0.621962E+01     0.000000E+00    0.100010E+05
  25  matrx  0.282426E+01   0.629556E+01  -0.161003E-01   0.129106E+00   0.130199E+00   0.342977E+00   0.341664E+00   0.211902E+01   0.605107E+01   0.512685E-02      0.124300E+00        0.197089E+00        0.241235E+00        0.126385E+00        0.196411E+00        0.232439E+00        0.310823E+01        0.487837E+01        0.696909E+01     0.748261E-04  -0.731991E-02   0.135657E-02   0.298081E-01   0.116469E+00  -0.278919E+00  -0.455327E+00   0.624733E-01  -0.441317E+00   0.624869E-01  -0.112447E+01      0.621962E+01     0.000000E+00    0.100010E+05
  26  updat  0.282426E+01   0.629556E+01  -0.161003E-01   0.129106E+00   0.130199E+00   0.342977E+00   0.341664E+00   0.211902E+01   0.605107E+01   0.512685E-02      0.124300E+00        0.197089E+00        0.241235E+00        0.126385E+00        0.196411E+00        0.232439E+00        0.310823E+01        0.487837E+01        0.696909E+01     0.748261E-04  -0.731991E-02   0.135657E-02   0.298081E-01   0.116469E+00  -0.278919E+00  -0.455327E+00   0.624733E-01  -0.441317E+00   0.624869E-01  -0.112447E+01      0.621962E+01     0.000000E+00    0.100010E+05
  27  drift  0.282946E+01   0.629556E+01  -0.161003E-01   0.129600E+00   0.130681E+00   0.344563E+00   0.342592E+00   0.210244E+01   0.599941E+01   0.512685E-02      0.124300E+00        0.197089E+00        0.241235E+00        0.126385E+00        0.196411E+00        0.232439E+00        0.310824E+01        0.487884E+01        0.696977E+01     0.710197E-04  -0.731991E-02   0.137207E-02   0.298081E-01   0.116469E+00  -0.278089E+00  -0.465376E+00   0.629520E-01  -0.451260E+00   0.629511E-01  -0.110866E+01      0.612268E+01     0.000000E+00    0.100010E+05
  28  sol3d  0.322946E+01   0.629556E+01  -0.161003E-01   0.135476E+00   0.134136E+00   0.366417E+00   0.353357E+00   0.141621E+01   0.381876E+01   0.512685E-02      0.125133E+00        0.195845E+00        0.244196E+00        0.125504E+00        0.193969E+00        0.234546E+00        0.310816E+01        0.488744E+01        0.701212E+01     0.673705E-03  -0.567044E-02   0.178186E-02  -0.115713E-02   0.116469E+00  -0.209194E+00   0.365164E+00   0.683321E-01   0.371256E+00   0.667891E-01   0.107241E+00      0.277818E+01     0.000000E+00    0.100010E+05
  29  drift  0.326006E+01   0.629556E+01  -0.161003E-01   0.133399E+00   0.131998E+00   0.356054E+00   0.349822E+00   0.143610E+01   0.389489E+01   0.512685E-02      0.125133E+00        0.195845E+00        0.244196E+00        0.125504E+00        0.193969E+00        0.234546E+00        0.310819E+01        0.489021E+01        0.701609E+01     0.656353E-03  -0.567044E-02   0.177832E-02  -0.115713E-02   0.116469E+00  -0.204341E+00   0.314412E+00   0.662526E-01   0.319125E+00   0.646766E-01   0.200235E+00      0.285674E+01     0.000000E+00    0.100010E+05
  30  cav    0.351006E+01   0.766242E+01  -0.184216E-01   0.129916E+00   0.129418E+00   0.347397E+00   0.346889E+00   0.164567E+01   0.446652E+01   0.365667E-02      0.125076E+00        0.195048E+00        0.242597E+00        0.125442E+00        0.193761E+00        0.233166E+00        0.310020E+01        0.487357E+01        0.678770E+01     0.333949E-03  -0.774939E-02   0.185631E-02   0.207392E-01   0.128540E+00  -0.174711E+00  -0.460195E+00   0.693828E-01  -0.456578E+00   0.686504E-01   0.186067E+00      0.457770E+01     0.000000E+00    0.100010E+05
  31  matrx  0.351006E+01   0.766242E+01  -0.184216E-01   0.129916E+00   0.129418E+00   0.347397E+00   0.346889E+00   0.164567E+01   0.446652E+01   0.365667E-02      0.125076E+00        0.195048E+00        0.242597E+00        0.125442E+00        0.193761E+00        0.233166E+00        0.310020E+01        0.487357E+01        0.678770E+01     0.333949E-03  -0.774939E-02   0.185631E-02   0.207392E-01   0.128540E+00  -0.174711E+00  -0.460195E+00   0.693828E-01  -0.456578E+00   0.686504E-01   0.186067E+00      0.457770E+01     0.000000E+00    0.100010E+05
  32  updat  0.351006E+01   0.766242E+01  -0.184216E-01   0.129916E+00   0.129418E+00   0.347397E+00   0.346889E+00   0.164567E+01   0.446652E+01   0.365667E-02      0.125076E+00        0.195048E+00        0.242597E+00        0.125442E+00        0.193761E+00        0.233166E+00        0.310020E+01        0.487357E+01        0.678770E+01     0.333949E-03  -0.774939E-02   0.185631E-02   0.207392E-01   0.128540E+00  -0.174711E+00  -0.460195E+00   0.693828E-01  -0.456578E+00   0.686504E-01   0.186067E+00      0.457770E+01     0.000000E+00    0.100010E+05
  33  drift  0.351526E+01   0.766242E+01  -0.184216E-01   0.130368E+00   0.129869E+00   0.348496E+00   0.347888E+00   0.164836E+01   0.447035E+01   0.365667E-02      0.125076E+00        0.195048E+00        0.242597E+00        0.125442E+00        0.193761E+00        0.233166E+00        0.310019E+01        0.487361E+01        0.678776E+01     0.329920E-03  -0.774939E-02   0.186709E-02   0.207392E-01   0.128540E+00  -0.173914E+00  -0.469277E+00   0.698661E-01  -0.465732E+00   0.691300E-01   0.194953E+00      0.459267E+01     0.000000E+00    0.100010E+05
  34  sol3d  0.391526E+01   0.766242E+01  -0.184216E-01   0.142468E+00   0.141344E+00   0.374315E+00   0.387432E+00   0.215339E+01   0.577753E+01   0.365667E-02      0.126217E+00        0.197089E+00        0.246979E+00        0.124490E+00        0.199158E+00        0.239949E+00        0.309989E+01        0.487027E+01        0.679257E+01     0.792212E-03  -0.118433E-01   0.196183E-02  -0.411949E-02   0.128540E+00  -0.109322E+00   0.192178E+00   0.826835E-01   0.186544E+00   0.825125E-01   0.878547E+00      0.783879E+01     0.000000E+00    0.100010E+05
  35  drift  0.394586E+01   0.766242E+01  -0.184216E-01   0.141553E+00   0.140464E+00   0.375633E+00   0.384318E+00   0.221013E+01   0.590219E+01   0.365667E-02      0.126217E+00        0.197089E+00        0.246979E+00        0.124490E+00        0.199158E+00        0.239949E+00        0.309986E+01        0.487060E+01        0.679302E+01     0.755972E-03  -0.118433E-01   0.194922E-02  -0.411949E-02   0.128540E+00  -0.104684E+00   0.153802E+00   0.816248E-01   0.148168E+00   0.814882E-01   0.930849E+00      0.825739E+01     0.000000E+00    0.100010E+05
  36  cav    0.419586E+01   0.901278E+01  -0.177105E-01   0.141735E+00   0.141878E+00   0.393323E+00   0.375375E+00   0.243845E+01   0.673213E+01   0.210658E-02      0.126411E+00        0.197976E+00        0.244114E+00        0.124628E+00        0.199391E+00        0.241979E+00        0.309808E+01        0.482283E+01        0.632087E+01     0.316100E-03  -0.139780E-01   0.188934E-02   0.124122E-01   0.139457E+00  -0.779175E-01  -0.516771E+00   0.886482E-01  -0.527831E+00   0.900977E-01  -0.210787E+00      0.118298E+02     0.000000E+00    0.100010E+05
  37  matrx  0.419586E+01   0.901278E+01  -0.177105E-01   0.141735E+00   0.141878E+00   0.393323E+00   0.375375E+00   0.243845E+01   0.673213E+01   0.210658E-02      0.126411E+00        0.197976E+00        0.244114E+00        0.124628E+00        0.199391E+00        0.241979E+00        0.309808E+01        0.482283E+01        0.632087E+01     0.316100E-03  -0.139780E-01   0.188934E-02   0.124122E-01   0.139457E+00  -0.779175E-01  -0.516771E+00   0.886482E-01  -0.527831E+00   0.900977E-01  -0.210787E+00      0.118298E+02     0.000000E+00    0.100010E+05
