1DMagnetoStatic 50
0.0 40.0 401
-2.0 2.0 24
3.195030781097920247e-04
3.396749140552461394e-04
3.607176152920212541e-04
3.826785111238860111e-04
4.056049308546090526e-04
4.295438422687179909e-04
4.545407230315740878e-04
4.806407623433991342e-04
5.078895486061050721e-04
5.363327494371777221e-04
5.660159255162857967e-04
5.969888986256503566e-04
6.293199853414248096e-04
6.630824840291841974e-04
6.983496854546537760e-04
7.351948787475371880e-04
7.736913550922555833e-04
8.139124061217138098e-04
8.559313229185667657e-04
8.998213964425757919e-04
9.456559178008475813e-04
9.935148137805800608e-04
1.043508855905021619e-03
1.095757771247177171e-03
1.150381287858051431e-03
1.207499133791171833e-03
1.267231037097237998e-03
1.329696725826256740e-03
1.395015928028995982e-03
1.463308371756411866e-03
1.534693785059255836e-03
1.609302309642415395e-03
1.687316290347564470e-03
1.768934395506190733e-03
1.854355299000646096e-03
1.943777674713278569e-03
2.037400196526438327e-03
2.135421538322477934e-03
2.238040373983749085e-03
2.345455377392602608e-03
2.457865222431391931e-03
2.575485109326587033e-03
2.698619625650154705e-03
2.827603441907734945e-03
2.962771251274847178e-03
3.104457746927013432e-03
3.252997622039754868e-03
3.408725569788590912e-03
3.571976283349043591e-03
3.743084455896633200e-03
3.922384780606882199e-03
4.110238424518855398e-03
4.307161152772721879e-03
4.513724688383489309e-03
4.730500831549443348e-03
4.958061382468864457e-03
5.196978141340028758e-03
5.447822908361227984e-03
5.711167483730740860e-03
5.987583667646853916e-03
6.277643260307847611e-03
6.581960734094948438e-03
6.901419822603270006e-03
7.237008998661404076e-03
7.589716969608233804e-03
7.960532442782622398e-03
8.350444125523432196e-03
8.760440725169543752e-03
9.191510949059820273e-03
9.644643504533149253e-03
1.012082709892838869e-02
1.062111921991456230e-02
1.114704677895231658e-02
1.170033276991331445e-02
1.228270084314175663e-02
1.289587464898181782e-02
1.354157783777769526e-02
1.422153405987358794e-02
1.493746696561368444e-02
1.569110020534219066e-02
1.648415742940330039e-02
1.731847275756170576e-02
1.819669674764311240e-02
1.912184588742863595e-02
2.009693839078412550e-02
2.112499247157539201e-02
2.220902634366828457e-02
2.335205822092864189e-02
2.455710631722226103e-02
2.582718884641499457e-02
2.716532402237266039e-02
2.857470328523352074e-02
3.005990632168181395e-02
3.162617995847462338e-02
3.327877526129872227e-02
3.502294329584081101e-02
3.686393512778769060e-02
3.880700182282602329e-02
4.085739444664251985e-02
4.302036406492398823e-02
4.530116174335709067e-02
4.770530056403825270e-02
5.024057412225865077e-02
5.291595023499700429e-02
5.574040642354348429e-02
5.872292020918838673e-02
6.187246911322179937e-02
6.519803065693406674e-02
6.870858236161531130e-02
7.241310174855572490e-02
7.632056633904560350e-02
8.044028703878428055e-02
8.478473175578689347e-02
8.936810888913704343e-02
9.420464503196702977e-02
9.930856677740919347e-02
1.046941007185956118e-01
1.103754734486586536e-01
1.163669115607305071e-01
1.226826416479436382e-01
1.293368903034303741e-01
1.363441139362369936e-01
1.437211414864651426e-01
1.514862015602352341e-01
1.596575408541339725e-01
1.682534060647483121e-01
1.772920438886643468e-01
1.867917010224681984e-01
1.967706241627463770e-01
2.072470600060858925e-01
2.182392552490731719e-01
2.297645749265908865e-01
2.418304386267167427e-01
2.544379909232385439e-01
2.675882779796018851e-01
2.812823459592521114e-01
2.955212410256343736e-01
3.103060093421945442e-01
3.256376970723778852e-01
3.415173503796294363e-01
3.579460154273954031e-01
3.749218893081096571e-01
3.924079622735550110e-01
4.103434788589418458e-01
4.286672387968626929e-01
4.473180418199101394e-01
4.662346876606757728e-01
4.853559760517522359e-01
5.046207067257304502e-01
5.239676794152025030e-01
5.433356938527607038e-01
5.626639002572839665e-01
5.818962070494885230e-01
6.009799518079235181e-01
6.198625478161770008e-01
6.384914083578376864e-01
6.568139467164929579e-01
6.747775761757318636e-01
6.923297100191420084e-01
7.094177615303119966e-01
7.259891439928296553e-01
7.419933739601853873e-01
7.574114391355182274e-01
7.722485537752847851e-01
7.865105553270244076e-01
8.002032812382751104e-01
8.133325689565772398e-01
8.259042559294698105e-01
8.379241796044920587e-01
8.493981774291827769e-01
8.603320868510804242e-01
8.707320523804839008e-01
8.806093007987000343e-01
8.899792367021270856e-01
8.988573886782307287e-01
9.072592853144766378e-01
9.152004551983314862e-01
9.226964269172613919e-01
9.297627290587328064e-01
9.364148902102122918e-01
9.426684389591651891e-01
9.485387479067893812e-01
9.540383222492967441e-01
9.591771506591225682e-01
9.639651363736979617e-01
9.684121826304545877e-01
9.725281926668234433e-01
9.763230697202354147e-01
9.798067170281214988e-01
9.829890378279132479e-01
9.858799353570416590e-01
9.884891504204491586e-01
9.908230924398923056e-01
9.928850498216413856e-01
9.946781906691436470e-01
9.962056830858467826e-01
9.974706951751987072e-01
9.984763950406465582e-01
9.992259507856381395e-01
9.997225305136223650e-01
9.999693023280460391e-01
9.999693023280461501e-01
9.997225305136226980e-01
9.992259507856383616e-01
9.984763950406464472e-01
9.974706951751984851e-01
9.962056830858467826e-01
9.946781906691435360e-01
9.928850498216414966e-01
9.908230924398923056e-01
9.884891504204492696e-01
9.858799353570415480e-01
9.829890378279131369e-01
9.798067170281213878e-01
9.763230697202354147e-01
9.725281926668233323e-01
9.684121826304548097e-01
9.639651363736984058e-01
9.591771506591226792e-01
9.540383222492969661e-01
9.485387479067894922e-01
9.426684389591655222e-01
9.364148902102124028e-01
9.297627290587330284e-01
9.226964269172616140e-01
9.152004551983313752e-01
9.072592853144769709e-01
8.988573886782310618e-01
8.899792367021274186e-01
8.806093007987008114e-01
8.707320523804845669e-01
8.603320868510805353e-01
8.493981774291819997e-01
8.379241796044911705e-01
8.259042559294699215e-01
8.133325689565771288e-01
8.002032812382746663e-01
7.865105553270235195e-01
7.722485537752842299e-01
7.574114391355185605e-01
7.419933739601854983e-01
7.259891439928296553e-01
7.094177615303124407e-01
6.923297100191421194e-01
6.747775761757324187e-01
6.568139467164928469e-01
6.384914083578375754e-01
6.198625478161774449e-01
6.009799518079235181e-01
5.818962070494890781e-01
5.626639002572839665e-01
5.433356938527603708e-01
5.239676794152022810e-01
5.046207067257294510e-01
4.853559760517515143e-01
4.662346876606750512e-01
4.473180418199099728e-01
4.286672387968629705e-01
4.103434788589410687e-01
3.924079622735545114e-01
3.749218893081096571e-01
3.579460154273958472e-01
3.415173503796296584e-01
3.256376970723770525e-01
3.103060093421940446e-01
2.955212410256338740e-01
2.812823459592521114e-01
2.675882779796026067e-01
2.544379909232389325e-01
2.418304386267172978e-01
2.297645749265910531e-01
2.182392552490734217e-01
2.072470600060865309e-01
1.967706241627464880e-01
1.867917010224678098e-01
1.772920438886635697e-01
1.682534060647481178e-01
1.596575408541344165e-01
1.514862015602355672e-01
1.437211414864655035e-01
1.363441139362371879e-01
1.293368903034305406e-01
1.226826416479437493e-01
1.163669115607303545e-01
1.103754734486586259e-01
1.046941007185955008e-01
9.930856677740911020e-02
9.420464503196704364e-02
8.936810888913696016e-02
8.478473175578693510e-02
8.044028703878426667e-02
7.632056633904558962e-02
7.241310174855573878e-02
6.870858236161514476e-02
6.519803065693398347e-02
6.187246911322168835e-02
5.872292020918831040e-02
5.574040642354349817e-02
5.291595023499694184e-02
5.024057412225867159e-02
4.770530056403823882e-02
4.530116174335710455e-02
4.302036406492397436e-02
4.085739444664243658e-02
3.880700182282595390e-02
3.686393512778760734e-02
3.502294329584081101e-02
3.327877526129875696e-02
3.162617995847460950e-02
3.005990632168182089e-02
2.857470328523351033e-02
2.716532402237268815e-02
2.582718884641500845e-02
2.455710631722221593e-02
2.335205822092861760e-02
2.220902634366825681e-02
2.112499247157539894e-02
2.009693839078415326e-02
1.912184588742863942e-02
1.819669674764313669e-02
1.731847275756171270e-02
1.648415742940331774e-02
1.569110020534221148e-02
1.493746696561368270e-02
1.422153405987360529e-02
1.354157783777773343e-02
1.289587464898182823e-02
1.228270084314177051e-02
1.170033276991331445e-02
1.114704677895232872e-02
1.062111921991459179e-02
1.012082709892840431e-02
9.644643504533166600e-03
9.191510949059823743e-03
8.760440725169543752e-03
8.350444125523439134e-03
7.960532442782615459e-03
7.589716969608230335e-03
7.237008998661389331e-03
6.901419822603258730e-03
6.581960734094951040e-03
6.277643260307843275e-03
5.987583667646851314e-03
5.711167483730730451e-03
5.447822908361225382e-03
5.196978141340037431e-03
4.958061382468862723e-03
4.730500831549443348e-03
4.513724688383481502e-03
4.307161152772717543e-03
4.110238424518858867e-03
3.922384780606882199e-03
3.743084455896634501e-03
3.571976283349038387e-03
3.408725569788590912e-03
3.252997622039760506e-03
3.104457746927015600e-03
2.962771251274848913e-03
2.827603441907730608e-03
2.698619625650152971e-03
2.575485109326589635e-03
2.457865222431393232e-03
2.345455377392604342e-03
2.238040373983746049e-03
2.135421538322478802e-03
2.037400196526443098e-03
1.943777674713280954e-03
1.854355299000649349e-03
1.768934395506189866e-03
1.687316290347564470e-03
1.609302309642417998e-03
1.534693785059257354e-03
1.463308371756413167e-03
1.395015928028994464e-03
1.329696725826256956e-03
1.267231037097241034e-03
1.207499133791174219e-03
1.150381287858053816e-03
1.095757771247176738e-03
1.043508855905021619e-03
9.935148137805820123e-04
9.456559178008487740e-04
8.998213964425778519e-04
8.559313229185660067e-04
8.139124061217118582e-04
7.736913550922534149e-04
7.351948787475354533e-04
6.983496854546541012e-04
6.630824840291832216e-04
6.293199853414236170e-04
5.969888986256501398e-04
5.660159255162854714e-04
5.363327494371778305e-04
5.078895486061035542e-04
4.806407623433975622e-04
4.545407230315730036e-04
4.295438422687170694e-04
4.056049308546093237e-04
3.826785111238855232e-04
3.607176152920207662e-04
3.396749140552459767e-04
3.195030781097926752e-04
